K1:  000110 110000 001011 101111 111101 110001 100101 101110
K2:  011110 011010 111011 011001 010011 111100 011101 000110
K3:  010101 011111 110010 001010 110111 001110 010111 001000
K4:  011100 101010 110111 010110 111010 001101 011001 001100
K5:  011111 001110 110000 000111 110110 101111 011010 101010
K6:  011000 111010 010100 111110 101111 000101 111100 101000
K7:  111011 001000 010010 110111 100110 100111 101001 110010
K8:  111101 111000 101000 111010 111101 011110 101100 110000
K9:  111000 001101 101111 101011 100001 111100 101010 011100
K10: 101100 011111 001101 000111 110100 110001 011111 010100
K11: 001000 010101 111111 010011 100110 111000 001110 101100
K12: 011101 010111 000111 110101 010100 100111 111110 000100
K13: 100101 111100 010111 010001 011110 100010 000110 111100
K14: 010111 110100 001110 110111 111000 110111 100110 001010
K15: 101111 111001 000110 001101 011001 100011 001100 111010
K16: 110010 110011 110110 001011 101111 101100 010101 010010